0,42211.73539788104
1,39885.71977924227
2,33883.00377570083
3,28204.260711942425
4,23343.97504403474
5,20363.59538869575
6,15915.297997766653
7,17136.770295462422
8,11757.399708078874
9,12135.327683801868
10,10382.173524841708
11,9954.456162451947
12,8827.30172365697
13,8542.058734487262
14,7387.284986994214
15,7142.322451614919
16,6654.252099011543
17,7481.41051003242
18,6548.349727075317
19,6002.320792646533
20,5990.74096970798
21,6455.008104217755
22,5518.028013546558
23,5470.323397437669
24,5452.124289021585
25,5234.002323799394
26,4963.635784170129
27,4509.246583060487
28,4632.380758498212
29,4844.641930473514
30,4259.360186902215
31,3987.8000456495206
32,4398.2689834974935
33,3848.643070187286
34,4521.929574433024
35,3829.557678693006
36,3981.2562039995437
37,3776.4283384225073
38,3801.848195259122
39,3496.393429810676
40,3605.055960951224
41,3494.43484078096
42,3685.497865349016
43,3653.019035936241
44,3583.7470108018438
45,3320.0955906665636
46,2949.862097745508
47,3081.0689207071846
48,3138.1089931880556
49,2992.1639087326867
50,3182.953633141942
51,3076.5654858431626
52,3128.169973568934
53,2902.109165302786
54,2839.5678741217275
55,2892.7133239380755
56,2975.7627756651955
57,2570.448227764982
58,2610.9540075751083
59,2740.5821534041024
60,2889.589844244854
61,2446.6993633782126
62,2542.4092886506724
63,2327.3220683031705
64,2338.9461950752107
65,2535.240809886468
66,2406.16916011897
67,2352.943444906106
68,2431.867086557042
69,2380.731335493529
70,2435.1473804048474
71,2644.8350810189236
72,2504.061623403438
73,2279.8292581808373
74,2170.6574136830177
75,2250.8758587363304
76,2345.9152602833915
77,2294.7225010001744
78,2240.593889877573
79,2080.780413751508
80,2122.3534905881393
81,2417.0025933502025
82,2489.7562711862633
83,2138.765726109789
84,2075.6213183561545
85,2101.523462284189
86,2149.5421094061157
87,1833.0453232689329
88,1939.8890375522662
89,1832.5683711987272
90,2108.0005728442875
91,2196.1253243885726
92,1892.2209880715457
93,1999.1141215671112
94,2005.9466676502686
95,1691.608019579232
96,1697.356755235014
97,1848.0449561905934
98,1866.0801510743895
99,1888.6660861460145
100,1643.9669973435573
101,1909.537685064266
102,1704.1254674090378
103,1548.753325075388
104,1591.7757084886389
105,1494.2644538581976
106,1701.1524576947654
107,1614.485479777009
108,1461.814009225943
109,1336.5663204885661
110,1674.5346550194981
111,1655.6885602510915
112,1583.6693305024253
113,1598.4903438325061
114,1415.1454633328863
115,1842.615202990898
116,1670.05403401797
117,1645.1016159495184
118,1799.8973226122778
119,1617.3901266622336
120,1377.8353270859648
121,1419.1989881850307
122,1530.0822667640077
123,1384.21167672175
124,1559.3197286434233
125,1450.4524517287757
126,1437.0283964156542
127,1513.5199835702922
128,1507.3493605971403
129,1815.7854147209964
130,1490.5758810326065
131,1521.9190983547655
132,1459.6144992503462
133,1443.1576895853925
134,1301.0657128775547
135,1375.795708989556
136,1428.2658950808302
137,1360.9143940669196
138,1228.1536779132377
139,1136.73886094206
140,1405.574334232612
141,1276.0405364153871
142,1307.5209820323403
143,1569.4552391464783
144,1436.1320148138104
145,1416.5900601613032
146,1185.735580457674
147,1360.8744068506476
148,1392.0844653785966
149,1388.0554777395787
150,1365.8711271151305
151,1121.215942684393
152,1141.6341243161633
153,1391.0332504423254
154,1359.0965732681245
155,1130.3746271313796
156,1098.9132554642629
157,1256.149120495766
158,998.2703088481592
159,1149.3678656837483
160,1137.6215419851264
161,1236.1774028492503
162,1143.696277791394
163,1099.5342644871616
164,1197.2329388690741
165,1006.2381235859978
166,1312.8439084965519
167,1213.8375082149842
168,1045.4070315858953
169,1094.3056100994695
170,1177.8566338341998
171,1017.3894028035254
172,913.6025790475131
173,1191.5610266231151
174,972.8754059790251
175,957.231675201937
176,1017.338296124562
177,1108.976321910526
178,885.5858609038181
179,1034.865465841217
180,974.7918908482907
181,968.6166020868903
182,1067.3632408241926
183,985.7505717363518
184,798.1003610854501
185,1051.3003659927672
186,1251.6838601233128
187,912.8211810572122
188,1056.6932798373489
189,972.3855833683297
190,809.3715000403189
191,631.0502792264062
192,865.6996055019588
193,896.2374092551371
194,1014.656512246862
195,960.1080230985991
196,1078.047932703731
197,984.235968179023
198,1031.2891388058601
199,829.2992461114716
200,933.5301860266155
201,867.1160304103137
202,876.7162580516225
203,983.3350280137881
204,707.0023852373043
205,924.7311239391171
206,1084.5758191396558
207,948.6301827201249
208,935.3385413065166
209,903.5160459517798
210,807.5072563344704
211,926.2365162161373
212,795.0581405548772
213,905.8670029395879
214,937.6754952366653
215,860.1059183306164
216,777.8816272957127
217,809.3253014405559
218,921.9480225749904
219,882.0159347961409
220,757.4329472679732
221,947.830373111787
222,985.2516259734412
223,864.4985706037057
224,769.0614795206387
225,750.0154609712275
226,896.6441920570416
227,912.6666426609861
228,705.7602512501778
229,799.3732352379093
230,714.0121117864085
231,697.6275060024103
232,771.8349836149785
233,778.564847761835
234,849.6331831449363
235,890.1004970676549
236,937.7645440971588
237,735.8794883538187
238,774.996854517016
239,726.4940307129492
240,749.4250068567789
241,620.0725284057058
242,688.4548851689283
243,721.2813664165327
244,561.2497739998093
245,680.6801121526161
246,649.4167492615844
247,625.8611114063315
248,728.7549241017022
249,680.8453159020027
250,911.9528879450894
251,701.1272907526613
252,764.7687740553874
253,747.2218436733317
254,652.7889504036723
255,685.8218256444945
256,695.1987141550812
257,572.2593923804561
258,668.8839139695034
259,692.581956751748
260,736.3489119619555
261,470.036313060334
262,775.6440383843151
263,726.3946202421915
264,823.2575588107383
265,703.7402640711761
266,641.3466611972838
267,718.0194335145585
268,561.5578340256704
269,713.751227999733
270,607.1154902340031
271,632.7419872680033
272,662.9979673592253
273,581.152610265242
274,578.3738795209847
275,595.5357204168599
276,602.4253397671638
277,570.8581164331849
278,496.22023576191606
279,626.885137727022
280,638.2714015131044
281,625.9449380860318
282,597.1450194833368
283,645.9487942879086
284,518.4786303927751
285,476.86143486200984
286,766.3544637911388
287,704.2090367371393
288,635.9638403138624
289,655.9269129842578
290,629.9341645660701
291,488.08292027011925
292,806.9853812180893
293,731.9858245226345
294,518.6802164923523
295,553.687849632978
296,536.7632794503091
297,565.2552631234469
298,630.8993044517152
299,704.5160519562925
300,632.35198549866
301,587.1309671034713
302,736.279379764125
303,607.237800046423
304,636.5135001747833
305,775.3286305605521
306,642.5069393858475
307,489.16402998563245
308,672.1376831611598
309,572.5220403554123
310,770.8281985750893
311,642.6990918212131
312,556.5799999426084
313,478.3209491779392
314,488.08814792322903
315,545.1472995111087
316,621.3816093116694
317,558.0789004382972
318,492.6919258592588
319,497.16775534624924
320,494.20248091158186
321,423.0259675561182
322,588.3125435262341
323,569.5630926236378
324,562.7283978257462
325,510.38825244113684
326,577.7159258479013
327,565.2597762736564
328,652.0028032247602
329,519.0518429481875
330,537.5104723883978
331,550.2159415264928
332,574.8318966744466
333,623.0828686967199
334,405.4040281740762
335,581.3813768127138
336,617.6377192720785
337,448.6249269317572
338,451.6884705165968
339,478.2193118236029
340,542.7889443258788
341,583.659486731526
342,644.7153255975614
343,478.23505270695773
344,520.827121935084
345,524.3228737326941
346,503.3709591449935
347,553.2951694818919
348,602.6578451419191
349,760.0608884277306
350,576.7346360492058
351,445.2986518685767
352,587.6374923576699
353,621.5864475726563
354,543.1865242256674
355,459.6074935940034
356,442.7399142423287
357,406.5115202282109
358,424.7590535994033
359,590.2364736036633
360,519.796319688682
361,468.56199491244405
362,452.0148362713343
363,467.20584085333047
364,564.5775895100227
365,541.8101920678407
366,355.7509157773611
367,339.67465075452816
368,443.3384243556856
369,567.3266929479228
370,544.1504633383381
371,378.36723640088366
372,444.81165942984967
373,379.8615392175194
374,685.5053383024027
375,472.7328126783986
376,627.0542980002971
377,599.47674647558
378,583.8703440535245
379,521.7963462197981
380,474.4169469346613
381,465.2584615913028
382,567.1003198034267
383,598.6775628100903
384,461.19121948481495
385,532.5264038870827
386,437.2466323213723
387,507.0168381359645
388,528.2535832769306
389,351.23691158386697
390,382.44121626825057
391,473.8809411418016
392,407.7341832181805
393,441.53639926610066
394,464.5851991749838
395,372.01818562060276
396,603.8818716846816
397,432.2345972621433
398,526.4696868024847
399,499.4000380122424
400,398.0083049185841
401,444.10847123922537
402,510.0764782200474
403,618.7040589160079
404,528.9581681864263
405,420.48541754427305
406,437.3000772411434
407,434.455487267666
408,496.0455394700655
409,496.2812299158283
410,487.28315499119594
411,532.1236499230547
412,446.4104221613534
413,474.80828556964934
414,505.24685673041756
415,392.33334062910274
416,459.7192792139884
417,369.6506247758453
418,398.63205293994343
419,487.0270813776574
420,458.04911849721867
421,366.7773127929539
422,427.77932705020515
423,510.6973526654264
424,457.45478929761236
425,470.3742275396016
426,517.740124489465
427,484.39703252641476
428,476.336413348967
429,364.2034413269659
430,526.9198064506634
431,447.6221978998725
432,623.2010709804578
433,390.0388085526342
434,502.2387512358866
435,554.8721680064345
436,433.44847870723015
437,405.16998669647074
438,524.4664963165875
439,463.4362216687733
440,459.6037722802305
441,457.5440783427074
442,456.5489494537208
443,497.476446830823
444,267.38545230437865
445,502.8341291017892
446,522.265506255329
447,585.9769619312252
448,370.5535337556754
449,291.84285676054907
450,330.56619328944754
451,406.83979467651284
452,404.51140983853986
453,377.2090798241644
454,472.08405930841724
455,257.33064018974244
456,465.65041790763803
457,444.45367208618615
458,327.9927741424153
459,443.4984358161706
460,410.86027179206377
461,374.98961126970784
462,376.30022671643644
463,375.74303801858537
464,371.39924537833684
465,483.09153117859796
466,366.5030880215681
467,367.5054666439742
468,294.23052287375043
469,403.7667514952117
470,320.0963555401989
471,455.8219344789848
472,296.54177668864725
473,375.607084619488
474,574.0643935317908
475,372.22339582868017
476,392.62040177976917
477,245.6224092273473
478,353.8152645943783
479,319.4277041407168
480,344.4156279769901
481,419.9897714211453
482,322.4770369529875
483,454.44319116475856
484,289.62304502496283
485,458.2691517034991
486,486.5048812213623
487,323.778938540582
488,245.0280595222183
489,313.4050950979753
490,336.63853215441384
491,445.04259855116095
492,342.05846487915915
493,321.7880550800717
494,345.52885508907235
495,295.66959615817416
496,392.9025561184169
497,326.17240427145174
498,378.7993669285543
499,331.15435462905344
500,308.39808116429055
501,322.30250138708567
502,334.8172591022246
503,305.1765440603907
504,361.51972016758543
505,424.331523144169
506,345.1792852938509
507,406.377360960674
508,350.1737697324395
509,411.7746390909798
510,276.9848892477027
511,348.1903603718821
512,290.79281141735675
513,449.0451348562732
514,474.013646443724
515,271.0947307160063
516,268.364206010302
517,289.1952449128014
518,391.8751746511016
519,225.58672811502683
520,367.6725775322311
521,277.2215564643291
522,451.99134117987194
523,453.09994272397074
524,372.65994772162264
525,278.5153092743592
526,287.17038305790487
527,454.05961775793037
528,370.71881778543167
529,321.2953932866187
530,221.26976628086265
531,401.229705930542
532,351.1280957821524
533,315.13019215608216
534,382.50592827193947
535,293.3551079854046
536,394.62004495516584
537,424.3016589277056
538,332.30803906893556
539,346.7209110962673
540,288.4399326563073
541,342.36463379011775
542,292.014856635294
543,312.91516814839525
544,236.051794404336
545,414.035003157512
546,376.6327084064284
547,472.728711268211
548,375.05847279467065
549,328.1995713013975
550,296.7978087418589
551,320.08635658857435
552,271.2696032399023
553,206.38273452997922
554,345.6695051219977
555,394.0391469958519
556,339.92199203755877
557,385.6895804192307
558,310.2096176062623
559,306.24590821753196
560,373.1733592335098
561,356.6688932534857
562,375.5206480266287
563,277.2993398595662
564,458.0851955771668
565,349.2993550018583
566,353.6193982195251
567,347.5330275361862
568,338.3394525736249
569,325.559473724116
570,468.72206570771124
571,393.4780812531563
572,320.77115265212757
573,322.2929989730194
574,339.0066140821374
575,242.50090224424608
576,413.31101596865744
577,291.65979984164017
578,343.20779267613864
579,332.1188445862637
580,337.3266063397923
581,301.1971645085718
582,269.0258888861935
583,252.1482530808294
584,309.1980281599323
585,235.8914452298149
586,263.32804262574376
587,299.55708284905535
588,268.2273588190135
589,316.3195442143034
590,338.84037089748114
591,350.92695062156366
592,280.7160947550907
593,285.2457918598144
594,329.57477096574985
595,374.856997550659
596,277.5650922713939
597,347.7210963041185
598,355.52917397380565
599,544.9749903186189
600,429.95488516801305
601,385.5402974227773
602,283.7119748513618
603,313.2182255046348
604,272.77257669411694
605,292.28430330749063
606,170.71171133950253
607,300.0337001276385
608,216.42405280145306
609,227.26925435481766
610,248.0391834698496
611,220.5198865829244
612,193.3786659480505
613,348.52770990184763
614,372.7626976270413
615,263.982078336854
616,316.696950564681
617,371.38844546961303
618,343.2650255497375
619,322.1044871213708
620,464.3883911609507
621,404.5428142444296
622,336.7949565567747
623,377.1412140996016
624,278.4710410562778
625,398.95649198157196
626,399.2292137458456
627,422.2969460646527
628,344.83356327031356
629,332.2320357660049
630,314.0999883363275
631,377.20952568039155
632,264.1777094266088
633,349.9119944067058
634,373.3761880692581
635,300.29133659330756
636,388.4250587567363
637,334.1593244722653
638,369.28204665204674
639,305.17006167071713
640,309.0574174253394
641,409.0342751492925
642,323.27357683989254
643,335.2125875970694
644,324.76490405679965
645,309.94558309414464
646,385.5864570320373
647,254.74905078255912
648,301.2465252913269
649,309.29366503725964
650,263.3465685617061
651,283.3739833485044
652,396.16838147488915
653,321.7183711087872
654,358.6170153592756
655,279.230115489543
656,270.9595374125178
657,345.56409653032705
658,323.3637140509238
659,331.68036587765
660,301.0323210057189
661,342.8923975868097
662,333.9501975616907
663,295.138200061748
664,296.6639026978435
665,318.96708362462203
666,276.10391142957934
667,233.37663747409582
668,311.6337582295552
669,297.40881749906407
670,246.7349482891269
671,292.328322659089
672,291.1234107195589
673,268.7639694398186
674,242.19813081211768
675,350.21107055844703
676,345.3620950102203
677,336.03670818468856
678,242.14412750333497
679,362.81310516618333
680,290.46486542423054
681,375.3583105365982
682,299.4881760400516
683,375.3595468617807
684,321.8789177333388
685,225.4909944170963
686,224.08621881302886
687,346.13074670633387
688,308.66122353114383
689,261.0445472828479
690,206.9913139820964
691,367.0462778680075
692,252.34354344523766
693,211.58421831433435
694,305.83729238629627
695,297.39211699134444
696,329.51332321965526
697,278.92476642803825
698,269.04086912867814
699,420.1183532299107
700,285.8079774022701
701,426.11990361757233
702,411.2276785873386
703,226.71206227387222
704,397.523286991417
705,301.81014469831877
706,233.9379106264885
707,230.2440038859881
708,314.01658838469757
709,427.05248057927196
710,261.4134395544338
711,240.09147679724387
712,327.2837708680498
713,354.90789001948104
714,255.15337904635865
715,351.6384331974329
716,385.808829589721
717,266.69569012695416
718,297.74746417798025
719,279.94145366307765
720,336.77821428838814
721,223.05923035268444
722,296.3018778751083
723,265.907868150951
724,290.50721947362223
725,249.31709450308804
726,334.4050967924344
727,309.16250519147707
728,282.39472392366724
729,337.431700507251
730,314.06057054978305
731,233.80915436090262
732,378.94521432409226
733,378.63013000411195
734,280.539347596137
735,308.7003596066477
736,405.5876542385265
737,386.55453926478754
738,355.5728473936861
739,364.37359033255376
740,403.5421912060594
741,363.37831671663247
742,505.4137382653005
743,231.83642083435743
744,190.9805105278331
745,268.5949956983317
746,298.32944969444793
747,224.10204630272943
748,224.4594214943038
749,259.90765369802057
750,269.4041787996466
751,290.9707987124846
752,212.70964583795296
753,325.43820054626025
754,301.2047185569279
755,274.3588857959201
756,384.7987444419773
757,212.43801841846076
758,335.04609822468973
759,347.3369628251299
760,308.3182949455196
761,471.4325430012466
762,273.0814110717915
763,313.22918183486695
764,271.8594559798456
765,327.18918046694034
766,321.8399989057515
767,284.05741913375164
768,308.8463263184169
769,173.94809533565362
770,344.15682796770346
771,324.6542620676711
772,373.60308420996415
773,282.9178826691686
774,275.12349949062605
775,474.8817893726155
776,485.99940564288096
777,347.4775982510171
778,283.8097620795399
779,255.14147350036234
780,299.39060978699786
781,275.9615628777573
782,260.8359626063845
783,286.2598105376936
784,314.88972989311185
785,347.4324414572011
786,344.6856913777618
787,285.6830215160695
788,330.01209276650883
789,350.7676243707347
790,362.94554755654167
791,256.33215656026573
792,257.2072728170694
793,222.53952515140082
794,224.0062820731075
795,194.2171986867695
796,322.61700738939146
797,223.4847053268161
798,322.77447795781694
799,283.23523484385316
800,377.0386463668072
801,317.07908101440887
802,316.11050831042076
803,238.92405212346293
804,334.0220567285936
805,277.434324392588
806,210.98938145845293
807,244.43263606983763
808,240.92261171144983
809,224.98712174674634
810,172.6767098905447
811,286.30908759968025
812,238.05612450248452
813,291.57887866143795
814,244.50044217862734
815,255.20444401015385
816,282.56883807698534
817,206.47881905742193
818,233.75090420219172
819,301.4892434239458
820,317.2042377707459
821,233.93259707077175
822,239.87268747851058
823,194.2270548042898
824,207.6416542192653
825,218.69292479827826
826,316.2167748471345
827,236.63481549261763
828,333.1655897128004
829,236.58926322928167
830,301.70132478088243
831,234.22939470875133
832,178.6468786745778
833,249.9005969180569
834,244.21899663061174
835,196.42761364031855
836,270.7929934039934
837,239.2154240538649
838,288.0170941730682
839,326.40198369039393
840,231.13195407839737
841,267.6456587939747
842,270.7952428198695
843,258.4043839573205
844,257.320377666305
845,289.493252822378
846,203.72712227955358
847,209.09673431912427
848,300.63628312379336
849,325.9562321177627
850,245.018272857815
851,169.58897023493148
852,282.0179466089771
853,222.7602209621922
854,335.6120236233278
855,305.19420254907544
856,241.77178411794404
857,317.6858217976211
858,424.5682810997282
859,374.0067832141706
860,278.28066084179596
861,326.09429010162376
862,257.12434285628916
863,217.72626324197176
864,323.81754309404124
865,221.90388956561713
866,287.084086752118
867,192.29844802050152
868,289.90312534322914
869,259.36033125730313
870,227.4277500208921
871,214.61125088573147
872,343.4033074893941
873,300.0703570763916
874,232.3618005356018
875,253.35342171350538
876,299.1936682264613
877,200.61577846461913
878,191.7787358139125
879,214.9868670395101
880,272.09536800349304
881,333.0583474931799
882,293.66995938030686
883,276.18755058796233
884,316.8060428336659
885,240.13274204409433
886,180.70149384908783
887,343.9110306187706
888,192.38511061461188
889,159.78534270405558
890,259.0238003740687
891,407.869187024607
892,278.67320425001964
893,216.39244260874102
894,256.20680118875345
895,254.09372508294936
896,176.6065632415497
897,294.649721253855
898,365.9957628266279
899,270.9184661346072
900,286.13333585450835
901,402.83307581357
902,232.2736337342281
903,353.05641191660425
904,283.2419326315196
905,243.7107496998139
906,243.9315239943387
907,286.2141520322706
908,289.02930390159094
909,274.5460397477647
910,207.81243716533044
911,246.66586044266117
912,180.39744877643722
913,238.33524052758645
914,204.6465702108105
915,266.20223868309927
916,184.92908493296758
917,246.29740588550266
918,330.0401161517568
919,298.94813041861215
920,278.5017471222981
921,218.47092583747025
922,231.90091444925724
923,264.1879238446831
924,225.74580893765773
925,293.6064478615186
926,305.53182128879985
927,337.3573953528449
928,328.3502256371436
929,241.35125383025758
930,282.2224948224464
931,338.28945942854136
932,297.5996985137674
933,187.93757141390773
934,304.8033715654145
935,230.49528133584897
936,322.2907165122284
937,278.5362359193601
938,181.46460456320452
939,194.63080547060596
940,228.27223707972584
941,227.9332021856987
942,269.8022963848791
943,161.5742819729417
944,230.79902392182012
945,284.02557225846584
946,204.29972478753453
947,182.30569941822944
948,198.1100438913362
949,276.51560286991236
950,238.12326404590826
951,288.7946185891716
952,269.600646589733
953,268.98920177570915
954,209.69396314500537
955,252.16083466437382
956,342.1210577973726
957,207.50256525244419
958,224.8608973887789
959,166.32254286242588
960,245.05155529579565
961,262.97504535987974
962,230.54407138491194
963,172.42908042651516
964,190.62404137142198
965,251.11763382478938
966,212.50191242950189
967,229.65467722861996
968,190.62513017520047
969,164.93667501231894
970,180.56216002111103
971,203.83423900154486
972,193.69717487331542
973,220.38220423537803
974,251.4851754720183
975,193.68294458840566
976,278.3885699464556
977,329.076616863058
978,291.4952123832849
979,265.9629006222467
980,148.43800876046643
981,346.04455256950223
982,290.4096056956075
983,255.38341577516312
984,220.58918777137686
985,243.81273790182362
986,242.60662795129494
987,204.78966512523525
988,194.03506810265972
989,203.76750458199734
990,239.62818566518652
991,301.6658216922704
992,185.3470016045987
993,185.98024061354715
994,184.25866511495497
995,163.4651596559207
996,153.16532992597817
997,167.53214232640713
998,234.3710450528827
999,219.99180200670594
1000,242.45456335019725
1001,179.06645562536028
1002,186.83860050462548
1003,183.3520147905672
1004,218.95572073402388
1005,241.82237676921272
1006,260.2593752367234
1007,298.4594867252399
1008,247.86710760332852
1009,236.77442371093318
1010,175.95415188208216
1011,159.0542622181312
1012,282.9784206950046
1013,202.8444381010171
1014,228.8327613493106
1015,261.35181988262883
1016,237.31889363836004
1017,150.21879203145878
1018,178.80782614886496
1019,192.76803181441323
1020,200.20981940872153
1021,246.5264979480308
1022,230.16954632437702
1023,353.69797273348246
1024,212.28215914777616
1025,238.88209401579064
1026,160.00581162443711
1027,252.35447276621733
1028,255.5204566536887
1029,225.0530651670129
1030,168.53348433583056
1031,360.2184693854506
1032,170.10933531695358
1033,162.62866309653052
1034,319.63421193300377
1035,363.85905392214977
1036,177.22566335543257
1037,268.16493243629543
1038,205.82102993136434
1039,236.4835323862321
1040,225.907153659304
1041,247.34900682949112
1042,194.09912999020068
1043,211.25813944735444
1044,252.21485272769044
1045,212.88747399229786
1046,164.62944146502088
1047,233.04956600604544
1048,192.81466788416782
1049,224.7794358617553
1050,223.6135744454414
1051,144.37482964784022
1052,205.06986068857134
1053,179.5457982959486
1054,235.4529456519322
1055,176.63177103014786
1056,255.6637229399488
1057,217.44398544471244
1058,217.03507263726146
1059,209.36082575410188
1060,208.7241965351752
1061,364.30037673397413
1062,254.69636274623713
1063,227.57810796161527
1064,182.05924002369022
1065,271.57149578960485
1066,151.1259236366404
1067,132.2920768276551
1068,178.22716219073297
1069,186.4279992204397
1070,237.7297208189475
1071,397.1206434968851
1072,207.24363919105738
1073,179.6939187067802
1074,363.8877450566464
1075,255.54584014932166
1076,271.2348705156046
1077,277.5731372428078
1078,160.32593923387614
1079,217.31019396295358
1080,154.4129975310709
1081,183.84334369800123
1082,227.84996858522877
1083,263.65215492817333
1084,272.2439319917673
1085,273.78933400416156
1086,476.64906494308275
1087,283.94152687801216
1088,279.49595718652444
1089,427.3133146049659
1090,255.6295533962761
1091,247.86884841094513
1092,260.06263298397664
1093,218.8539996910774
1094,189.51753233650194
1095,224.05373839543404
1096,244.85779633000934
1097,216.312106909641
1098,278.20596562902415
1099,280.27113830506505
1100,195.46069398818474
1101,243.8621758715763
1102,140.7727925151002
1103,153.4717712872919
1104,196.95488846312884
1105,163.95057363278283
1106,252.52775821322584
1107,185.06445132708808
1108,221.87029761631806
1109,170.81791563634764
1110,258.74635191596496
1111,330.9228481102453
1112,258.53607391149603
1113,185.44725746953515
1114,271.1808964938117
1115,207.88410871855072
1116,251.633764278935
1117,215.4196644857037
1118,166.08472368795873
1119,168.96994569415102
1120,161.53209316438532
1121,188.547624759466
1122,161.84744127766243
1123,201.3679880353432
1124,181.31460904325382
1125,286.0908560651024
1126,169.8238216103357
1127,198.75997540586894
1128,273.91941232705074
1129,215.20847046880584
1130,293.5584527617698
1131,233.82979634179705
1132,188.09725206033744
1133,291.0598618455246
1134,160.12826965302835
1135,278.1029691243725
1136,178.6482261526115
1137,122.24445593144303
1138,168.49248754153354
1139,359.58699213837923
1140,201.79251739690355
1141,205.84832131467246
1142,220.33942766130315
1143,138.20060904681765
1144,301.0005595935253
1145,193.97846238821643
1146,231.72775424037843
1147,221.52487622744383
1148,181.63279628765733
1149,140.9658161901071
1150,178.84620401214337
1151,188.40009756680334
1152,131.1960436068297
1153,206.1443468886334
1154,247.84536226140466
1155,212.3557182308727
1156,199.03136004874432
1157,170.96969497645193
1158,141.56574508307517
1159,165.47194986220777
1160,117.37408099785345
1161,188.90007761630588
